1, 52;
2, 52;
3, 52;
4, 52;
5, 52;
6, 52;
7, 52;
8, 52;
9, 52;
10, 52;
11, 52;
12, 52;
13, 49;
14, 49;
15, 49;
16, 49;
17, 49;
18, 49;
19, 49;
20, 49;
21, 49;
22, 49;
23, 49;
24, 49;
25, 45;
26, 45;
27, 45;
28, 45;
29, 45;
30, 45;
31, 45;
32, 45;
33, 45;
34, 45;
35, 45;
36, 45;
37, 40;
38, 40;
39, 40;
40, 40;
41, 40;
42, 40;
43, 40;
44, 40;
45, 40;
46, 40;
47, 40;
48, 40;
49, 42;
50, 42;
51, 42;
52, 42;
53, 44;
54, 44;
55, 44;
56, 44;
57, 45;
58, 45;
59, 45;
60, 45;
61, 42;
62, 42;
63, 42;
64, 42;
65, 42;
66, 42;
67, 42;
68, 42;
69, 45;
70, 45;
71, 45;
72, 45;
73, 40;
74, 40;
75, 40;
76, 40;
77, 40;
78, 40;
79, 40;
80, 40;
81, 40;
82, 40;
83, 40;
84, 40;
85, 40;
86, 40;
87, 40;
88, 40;
89, 40;
90, 40;
91, 40;
92, 40;
93, 47;
94, 47;
95, 47;
96, 47;
97, 47;
98, 47;
99, 47;
100, 47;
101, 47;
102, 47;
103, 47;
104, 47;
105, 52;
106, 52;
107, 52;
108, 52;
109, 52;
110, 52;
111, 52;
112, 52;
113, 52;
114, 52;
115, 52;
116, 52;
117, 49;
118, 49;
119, 49;
120, 49;
121, 49;
122, 49;
123, 49;
124, 49;
125, 49;
126, 49;
127, 49;
128, 49;
129, 45;
130, 45;
131, 45;
132, 45;
133, 45;
134, 45;
135, 45;
136, 45;
137, 45;
138, 45;
139, 45;
140, 45;
141, 42;
142, 42;
143, 42;
144, 42;
145, 44;
146, 44;
147, 44;
148, 44;
149, 45;
150, 45;
151, 45;
152, 45;
153, 47;
154, 47;
155, 47;
156, 47;
157, 47;
158, 47;
159, 47;
160, 47;
161, 49;
162, 49;
163, 49;
164, 49;
165, 47;
166, 47;
167, 47;
168, 47;
169, 47;
170, 47;
171, 47;
172, 47;
173, 47;
174, 47;
175, 47;
176, 47;
177, 47;
178, 47;
179, 47;
180, 47;
181, 47;
182, 47;
183, 47;
184, 47;
185, 49;
186, 49;
187, 49;
188, 49;
189, 50;
190, 50;
191, 50;
192, 50;
193, 49;
194, 49;
195, 49;
196, 49;
197, 47;
198, 47;
199, 47;
200, 47;
201, 52;
202, 52;
203, 52;
204, 52;
205, 52;
206, 52;
207, 52;
208, 52;
209, 49;
210, 49;
211, 49;
212, 49;
213, 47;
214, 47;
215, 47;
216, 47;
217, 45;
218, 45;
219, 45;
220, 45;
221, 45;
222, 45;
223, 45;
224, 45;
225, 45;
226, 45;
227, 45;
228, 45;
229, 45;
230, 45;
231, 45;
232, 45;
233, 47;
234, 47;
235, 47;
236, 47;
237, 49;
238, 49;
239, 49;
240, 49;
241, 49;
242, 49;
243, 49;
244, 49;
245, 45;
246, 45;
247, 45;
248, 45;
249, 42;
250, 42;
251, 42;
252, 42;
253, 42;
254, 42;
255, 42;
256, 42;
257, 45;
258, 45;
259, 45;
260, 45;
261, 42;
262, 42;
263, 42;
264, 42;
265, 40;
266, 40;
267, 40;
268, 40;
269, 40;
270, 40;
271, 40;
272, 40;
273, 40;
274, 40;
275, 40;
276, 40;
277, 40;
278, 40;
279, 40;
280, 40;
281, 40;
282, 40;
283, 40;
284, 40;
285, 44;
286, 44;
287, 44;
288, 44;
289, 45;
290, 45;
291, 45;
292, 45;
293, 45;
294, 45;
295, 45;
296, 45;
297, 49;
298, 49;
299, 49;
300, 49;
301, 47;
302, 47;
303, 47;
304, 47;
305, 47;
306, 47;
307, 47;
308, 47;
309, 44;
310, 44;
311, 44;
312, 44;
313, 45;
314, 45;
315, 45;
316, 45;
317, 45;
318, 45;
319, 45;
320, 45;
321, 49;
322, 49;
323, 49;
324, 49;
325, 47;
326, 47;
327, 47;
328, 47;
329, 49;
330, 49;
331, 49;
332, 49;
333, 50;
334, 50;
335, 50;
336, 50;
337, 52;
338, 52;
339, 52;
340, 52;
341, 49;
342, 49;
343, 49;
344, 49;
345, 45;
346, 45;
347, 45;
348, 45;
349, 47;
350, 47;
351, 47;
352, 47;
353, 47;
354, 47;
355, 47;
356, 47;
357, 40;
358, 40;
359, 40;
360, 40;
361, 45;
362, 45;
363, 45;
364, 45;
365, 45;
366, 45;
367, 45;
368, 45;
369, 45;
370, 45;
371, 45;
372, 45;
373, 45;
374, 45;
375, 45;
376, 45;
377, 45;
378, 45;
379, 45;
380, 45;
