1, 87.7559231095903 3140;
2, 129.23590200616442 3502;
3, 106.83345803212606 3602;
4, 57.7333773231989 3500;
5, 80.16360821240929 3652;
6, 72.32212521710329 3316;
7, 109.00851867105223 3878;
8, 95.24104757328713 3227;
9, 96.30436445065664 3076;
10, 101.06958605084813 4006;
11, 86.9822876644834 3957;
12, 99.11526993704794 4488;
13, 100.4666662152585 4339;
14, 93.00647333187435 4618;
15, 101.96137724148095 4843;
16, 123.88918682534363 5022;
17, 119.87221086964031 5245;
18, 157.57602635436854 5469;
19, 88.33516876542619 4862;
20, 118.12273105476666 5095;
21, 116.934309135776 4657;
22, 135.45765209172967 5049;
23, 114.92712864228004 5121;
24, 125.45915670049756 5138;
25, 115.48513465606996 5246;
26, 134.45915850592866 5384;
27, 138.29560177166792 5485;
28, 134.41695714212153 6050;
29, 145.85707289770255 5943;
30, 139.5932867808682 5929;
31, 128.73973111416282 5805;
32, 170.96341654259945 5917;
33, 143.46399676346303 6043;
34, 179.72359730589477 6342;
35, 181.32505483303757 6484;
36, 133.87139731999576 5986;
37, 185.52473843514395 6615;
38, 185.8577467872037 7025;
39, 175.75040279223447 7135;
40, 194.6942134083442 7062;
41, 202.6509011948924 6863;
42, 168.60508138661706 6528;
43, 179.0058715260936 7130;
44, 186.69182289188208 7365;
45, 181.46996153296422 7054;
46, 138.81127990394523 7826;
47, 199.68321851147644 8782;
48, 203.52846664457994 8590;
49, 210.52722932132622 8197;
50, 181.82880488446895 8043;
51, 235.8782113978417 9047;
52, 235.48179010145932 8971;
53, 206.66220096118798 8387;
54, 204.92537218037523 8546;
55, 219.0751431982801 8920;
56, 190.57646170265107 8837;
57, 223.63107374168095 10017;
58, 228.74439883852895 9863;
