1, 36.4114 0.0 0.0;
2, 11.943 0.0417 1.868;
3, 7.4559 0.006 -3.1081;
4, 5.3972 0.0833 0.6213;
5, 4.0929 0.0119 2.8736;
6, 2.4383 0.0357 -0.9627;
7, 2.25 0.0298 -0.6945;
8, 1.6637 0.0476 -0.8393;
9, 1.6334 0.125 -2.4224;
10, 1.4759 0.0179 2.357;
11, 1.3779 0.0238 -0.023;
12, 1.2712 0.25 1.7061;
13, 0.8968 0.2083 -1.0232;
14, 0.8196 0.0536 -0.6649;
15, 0.727 0.1667 0.4631;
16, 0.596 0.0774 2.8986;
17, 0.5288 0.0595 -0.6963;
18, 0.5254 0.0714 2.7455;
19, 0.4042 0.4167 0.2493;
20, 0.3615 0.0655 2.9982;